segment_index,label_1m,label_30s_first,label_30s_second,rr_mean_ms,rr_std_ms,rr_min_ms,rr_max_ms,spo2_mean_pct,spo2_min_pct,spo2_max_pct,rr_samples_in_minute,spo2_samples_in_minute
2,0,0,0,1084.3357388375043,77.72249002036662,722.7436390593027,1228.2729042531457,96.98690246941837,95.98992904554818,97.99954222934309,276,15000
3,0,0,0,1055.6513612078445,79.2807637359661,722.7436390593169,1228.2729042531457,96.67069250527707,94.98893720912488,97.99954222934309,283,15000
4,0,0,0,1029.8910971657633,80.82645532725832,839.1558423959964,1228.2729042531457,96.57399242135246,94.98893720912488,97.99954222934309,290,15000
5,0,0,0,1020.1620971646961,71.08095264633143,839.1558423960248,1211.567183542556,96.35271391877113,94.97978179598687,97.98886091401542,293,15000
6,0,0,0,1001.7339854334776,57.169064064276014,839.1558423960248,1215.4262552957853,95.90250899010708,94.97978179598687,97.00923170824751,299,15000
7,0,0,0,990.4563327894954,41.748589627110206,839.1558423960248,1140.2296719018636,95.63288227664607,94.97978179598687,97.00923170824751,301,15000
8,0,0,0,989.701987865697,41.61399277351289,839.1558423960355,1140.2296719018636,95.49653070878156,94.97978179598687,97.00923170824751,302,15000
9,0,0,0,989.1238560723687,24.45541853350321,936.9176695735177,1072.1433688683142,95.22644154523029,93.98947127489129,96.99855039291981,302,15000
10,0,0,0,985.5231167376749,24.63213360597181,936.1170515723813,1072.1665871621951,95.02569853259074,93.98947127489129,95.9990844586862,303,15000
11,0,0,0,984.0453247868463,26.011224045417723,936.1170515723813,1100.764136450862,94.98278151623815,93.98947127489129,94.99961852445259,303,15000
12,0,0,0,978.9791036753163,21.332498732592263,923.0950943824041,1034.8940915455387,95.0257111467155,93.98947127489129,95.9990844586862,305,15000
13,0,0,0,978.0900293983061,21.012057387872293,923.0950943824041,1034.8940915455387,95.0257111467155,93.98947127489129,95.9990844586862,305,15000
14,0,0,0,974.1856953207481,22.27544067470071,914.8643989357197,1034.8940915455387,94.98546018666872,93.98947127489129,95.9990844586862,306,15000
15,0,0,0,969.8278964578242,23.959679399984804,910.3516514281296,1034.8940915455387,94.99866381831592,93.98947127489129,95.9990844586862,307,15000
16,0,0,0,965.4970205617691,25.0850432871521,910.3516514281296,1034.8940915455387,95.01516848503346,93.98947127489129,95.9990844586862,309,15000
17,0,0,0,959.214407684673,22.416618847066257,910.3516514281296,1021.9295680472413,95.0448872612599,93.98947127489129,95.9990844586862,311,15000
18,0,0,0,951.6781076896082,22.169157250715838,862.9393161471626,1034.009699177659,95.15600447597977,93.98947127489129,96.99855039291981,314,15000
19,0,0,0,951.7170127639623,21.76969181760707,862.9393161471342,1034.0096991776306,95.29560051880676,94.97978179598687,96.99855039291981,315,15000
20,0,0,0,948.4178497849929,21.97572471451565,862.9393161471626,1034.0096991776306,95.38318394750897,94.97978179598687,96.99855039291981,316,15000
21,0,0,0,944.3027660219348,21.645156947329205,862.9393161471484,1034.0096991776163,95.39639480175987,94.97978179598687,96.99855039291981,317,15000
22,0,0,0,939.6380073323382,22.53117459735028,862.9393161471484,1034.0096991776306,95.47045090409706,94.98893720912488,96.99855039291981,319,15000
23,0,0,0,936.0205396104963,19.56895099880293,881.7154319638689,981.5964330640785,95.48997207598995,94.97978179598687,96.00976577401389,319,15000
24,0,0,0,932.0838198326325,16.69525629174367,881.7154319638689,976.3837667114501,95.55274830243383,94.97978179598687,96.00976577401389,320,15000
25,0,0,0,930.1576819574325,17.406667789932943,881.7154319638547,976.3837667114501,95.58201673406069,94.97978179598687,95.9990844586862,321,15000
26,0,0,0,928.9955250101109,18.232839451470408,881.7154319638475,976.3837667114643,95.69423015691362,94.97978179598687,96.00976577401389,322,15000
27,0,0,0,928.3440239192302,17.780679129122497,889.8530940883802,976.1779169513716,95.59699966938787,94.97978179598687,96.00976577401389,322,15000
28,0,0,0,927.3556981360714,17.06368791011228,889.8530940884086,973.1329785346645,95.5212903028916,94.97978179598687,96.00976577401389,323,15000
29,0,0,0,924.1490319549652,14.858127686072052,888.0684276848854,961.6782506224268,95.45636774242772,94.97978179598687,96.00976577401389,324,15000
30,0,0,0,922.9358296368888,15.294743719784233,888.0684276848854,953.6404123771435,95.42093232623789,94.97978179598687,96.00976577401389,324,15000
31,0,0,0,923.0506578175227,16.266206154540747,888.0684276848854,977.0041450531721,95.43520693776863,94.97978179598687,96.00976577401389,324,15000
32,0,0,0,921.6361714055694,15.95685584059506,887.4495629632975,977.0041450531721,95.44414597797616,94.97978179598687,96.00976577401389,324,15000
33,0,0,0,918.5243868294386,17.374071850054595,867.9816838856595,977.0041450531437,95.41986246534933,94.97978179598687,96.00976577401389,325,15000
34,0,0,0,915.2696751258308,17.784777866416096,867.9816838856311,977.0041450531579,95.51029373617152,94.97978179598687,96.00976577401389,326,15000
35,0,0,0,913.1805188870433,18.83158221900718,867.9816838856311,977.0041450531651,95.5387038986801,94.97978179598687,96.00976577401389,327,15000
36,0,0,0,909.9789687613783,16.20861533133935,867.9816838856453,949.77515191988,95.46420223290353,94.97978179598687,96.00976577401389,328,15000
37,0,0,0,908.8423678955733,16.29064431476709,867.9816838856382,949.7751519198516,95.54521665267924,94.98893720912488,96.00976577401389,329,15000
38,0,0,0,910.6600073048173,15.54181351852818,869.8817375811175,949.7751519198374,95.69943877317465,94.98893720912488,96.00976577401389,329,15000
39,0,0,0,913.007620065531,16.410770203650998,873.884330833846,951.9720125663866,95.70957167925536,94.98893720912488,96.00976577401389,328,15000
40,0,0,0,914.1602841063792,15.430632374072543,873.8843308338602,951.9720125663582,95.75885313191426,94.98893720912488,95.9990844586862,328,15000
41,0,0,0,915.3253556137763,15.416526216407645,882.7629004397153,951.9720125663582,95.87521334655783,94.98893720912488,95.9990844586862,327,15000
42,0,0,0,921.1576122167245,21.230156049143908,883.494398790873,1037.3431049077572,95.9646428117291,94.98893720912488,96.99855039291981,325,15000
43,0,0,0,922.4806423367276,22.356598893431553,881.5974054157323,1037.3431049077592,95.98811149258667,94.98893720912488,97.00923170824751,324,15000
44,0,0,0,923.7046052671634,22.413925495619942,881.5974054157323,1037.3431049077592,96.0081255308868,94.98893720912488,97.00923170824751,324,15000
45,0,0,0,926.3470227470503,21.265686501299673,881.5974054157181,1037.3431049077615,96.03387594415197,94.98893720912488,97.00923170824751,323,15000
46,0,0,0,928.1242626957261,21.810938715455226,881.5974054157323,1037.34310490776,96.03387594415199,94.98893720912488,97.00923170824751,322,15000
47,0,0,0,926.5507743087795,16.019899285519088,892.708298115025,979.4813809166167,96.0030811017014,94.98893720912488,97.00923170824751,323,15000
48,0,0,0,927.5995084644296,16.205096545198305,892.7082981150534,979.4813809166146,95.99280689707791,95.9792477302205,96.99855039291981,322,15000
49,0,0,0,929.3246680136016,16.86294492344428,894.8305564213683,979.4813809166106,95.9899290455482,95.98992904554818,95.98992904554818,321,15000
50,0,0,0,930.5938395973858,17.065234594792628,894.8305564213683,979.4813809166143,96.03364268457061,95.98992904554818,96.99855039291981,321,15000
51,0,0,0,932.275652518777,16.366678898607002,899.0491409128367,985.4520503123467,96.0336426845706,95.98992904554818,96.99855039291981,321,15000
52,0,0,0,934.9450411508617,17.12941133491961,899.0491409128083,985.4520424787836,96.0470996159813,95.9792477302205,96.99855039291981,320,15000
53,0,0,0,937.2821878990122,18.313762134915006,896.8880943913291,985.4520424787836,96.07738673990997,95.9792477302205,96.99855039291981,319,15000
54,0,0,0,938.847984956315,19.26334258876141,896.8880943912723,998.6252254171291,96.1211021082882,95.9792477302205,97.00923170824751,319,15000
55,0,0,0,942.2427916517021,19.00356534255777,896.8880943912723,998.6252254171291,96.07738846926578,95.9792477302205,97.00923170824751,317,15000
56,0,0,0,943.7528016994073,18.356834567650406,896.8880943912865,998.6252254171291,96.0773884692658,95.9792477302205,97.00923170824751,316,15000
57,0,0,0,944.9766245272351,19.54772570677391,896.8880943912972,998.6252254171291,96.09755957376467,95.9792477302205,97.00923170824751,316,15000
58,0,0,0,948.3063899142602,20.508056219861032,901.06149996668,1014.938211285023,96.08409206276545,95.9792477302205,97.00923170824751,314,15000
59,0,0,0,952.7101701565192,20.972068649903854,910.2910841583025,1018.8972376852348,96.08408646779075,95.98992904554818,96.99855039291981,313,15000
60,0,0,0,952.8284594230012,26.576858061124312,842.9256449873606,1018.36373915035,96.11405579715675,95.9792477302205,97.00923170824751,313,15000
61,0,0,0,951.1070490126533,29.43348931477461,842.9256449873606,1017.303047306714,96.21860268050149,95.9792477302205,97.00923170824751,314,15000
62,0,0,0,952.6406409083243,29.504774838489347,842.9256449873606,1016.6069634255556,96.17208962132194,94.97978179598687,97.00923170824751,313,15000
63,0,0,0,951.8832695126055,30.112553746105483,842.925644987389,1022.0210876463099,96.15527000839246,94.97978179598687,97.00923170824751,314,15000
64,0,0,0,952.9526939116569,31.69836290750866,842.9256449873819,1033.0972487598729,96.11156023498894,94.97978179598687,97.00923170824751,313,15000
65,0,0,0,956.1643442019334,27.258612725804984,883.1289742739018,1033.0972487598729,96.09840990819157,94.97978179598687,97.00923170824751,312,15000
66,0,0,0,964.5454668305817,26.343784995023423,897.9317662160469,1062.6755991686991,96.02412492052594,94.97978179598687,96.99855039291981,309,15000
67,0,0,0,967.2204081211515,27.369409074443745,897.9317662160327,1062.6755991687276,96.03700994379595,95.9792477302205,96.99855039291981,308,15000
68,0,0,0,971.5563707890366,25.521529280777106,901.8324714900245,1062.6755991686991,96.03700994379595,95.9792477302205,96.99855039291981,308,15000
69,0,0,0,973.0974782087324,25.119246480600157,901.8324714900245,1062.6755991687132,96.03700994379595,95.9792477302205,96.99855039291981,307,15000
70,0,0,0,976.7228765026175,24.46560048855885,901.8324714899961,1040.1519041368488,96.06386195671526,95.98992904554818,96.99855039291981,306,15000
71,0,0,0,980.2039581699297,27.135600798858775,901.8324714899891,1085.8699915625534,96.12439988810051,95.98992904554818,96.99855039291981,304,15000
72,0,0,0,987.6372968275311,27.566019610929562,928.9226579702756,1095.7840454492207,96.13784461229369,95.98992904554818,96.99855039291981,302,15000
73,0,0,0,988.85520636846,30.249862384470656,923.4170302800635,1103.9804605622073,96.16811189949391,95.9792477302205,96.99855039291981,300,15000
74,0,0,0,979.0031160977642,52.434577274331694,803.8164582084733,1156.5790152042966,96.2846210421912,95.9792477302205,97.99954222934309,304,15000
75,0,0,0,983.928116699197,55.94003238005413,803.8164582085017,1156.5790152042944,96.48559090562296,95.9792477302205,97.99954222934309,303,15000
76,0,0,0,975.3850483226995,55.220270461884596,803.8164582085017,1101.8338047066375,96.54710012461534,95.9792477302205,97.99954222934309,306,15000
77,0,0,0,976.9990478051387,59.74591785564386,803.8164582084875,1175.1345063836425,96.66402604206404,94.98893720912488,97.99954222934309,305,15000
78,0,0,0,979.3419066609937,59.88763531230221,803.8164582085017,1175.134506383671,96.50938287429108,94.98893720912488,97.99954222934309,305,15000
79,0,0,0,990.5663352245986,43.4699860176131,822.0438409294468,1175.1345063836425,96.25755041835153,94.97978179598687,97.99954222934309,301,15000
80,0,0,0,985.3443819274684,43.4535078051048,821.8486525833667,1175.1345063836425,95.90400915541314,94.97978179598687,97.99954222934309,303,15000
81,0,0,0,984.7402671213475,33.90042699418005,888.170106103141,1114.6625432537303,95.57883115892271,94.97978179598687,97.99954222934309,303,15000
82,0,0,0,977.0195390484904,23.67414461349454,920.3655248616656,1039.4973984296244,95.31437287963176,94.97978179598687,96.00976577401389,306,15000
83,0,0,0,972.6832438059241,23.49909643308584,920.3655248616656,1031.6311811410515,95.31333282469929,94.97978179598687,96.00976577401389,307,15000
84,0,0,0,974.3529343826843,26.36280562337796,918.3304536675223,1067.9718911447367,95.3483289845121,94.97978179598687,96.00976577401389,307,15000
85,0,0,0,977.2722397852617,26.54721260042222,918.3304536675223,1067.971891144765,95.3582452124819,94.98893720912488,96.00976577401389,306,15000
86,0,0,0,979.1550761646293,27.339984783018664,918.3304536675507,1067.971891144765,95.41705450013988,94.97978179598687,96.00976577401389,305,15000
87,0,0,0,985.6365894551424,37.71962663408275,913.4291469682694,1180.1275910892155,95.63217069759162,94.97978179598687,97.00923170824751,303,15000
88,0,0,0,988.2121329443324,37.2442628429881,913.4291469682125,1180.1275910892155,95.73308166119885,94.97978179598687,97.00923170824751,302,15000
89,0,0,0,989.1884668221214,36.340453565271055,913.4291469682125,1180.1275910892182,95.87712560718191,94.97978179598687,97.00923170824751,302,15000
90,0,0,0,990.5405454980403,39.53403458070234,913.4291469682694,1180.1275910892157,96.00637562625569,94.97978179598687,97.00923170824751,301,15000
91,0,0,0,992.0385944627888,39.2244997425233,913.4291469682552,1184.437587849236,96.0907161058976,94.98893720912488,97.00923170824751,301,15000
92,0,0,0,989.7923655403581,28.318048293845326,923.2746791220592,1072.2499977765096,96.00968754609497,94.98893720912488,96.99855039291981,302,15000
93,0,0,0,990.7644171209948,28.54168711513911,923.2746791220699,1072.2499977765096,96.03419251799295,94.98893720912488,96.99855039291981,302,15000
94,0,0,0,989.7371071089693,26.79688927706954,910.3081867498312,1072.2499977765237,95.99047572543935,94.98893720912488,96.99855039291981,302,15000
95,0,0,0,991.8337104534838,22.242043623074814,940.5631849044198,1072.2499977765096,95.9602098624145,94.98893720912488,95.9990844586862,302,15000
96,0,0,0,996.4245367646764,22.92655025453689,940.5631849044198,1063.484994511441,95.9899290455482,95.98992904554818,95.98992904554818,300,15000
97,0,0,0,997.114587916586,22.197217773657304,940.5631849044269,1063.4849945114695,95.9899290455482,95.98992904554818,95.98992904554818,299,15000
98,0,0,0,1000.7369855963879,22.043487557748538,950.2162635744753,1063.4849945114695,95.9899290455482,95.98992904554818,95.98992904554818,299,15000
99,0,0,0,1008.9670824868476,28.05322994672481,950.2162635744753,1125.6653770719147,96.00801586938279,95.98992904554818,96.99855039291981,296,15000
100,0,0,0,1012.2923803995063,28.791604069170223,950.2162635744753,1125.6653770719126,96.06390997177083,95.98992904554818,96.99855039291981,295,15000
101,0,0,0,1016.7454706763184,33.05419809248982,952.8731657379268,1125.6653770719126,96.1681527936726,95.98992904554818,96.99855039291981,293,15000
102,0,0,0,1024.5082718982078,34.111983809698636,952.8731657379263,1125.665377071914,96.27691177742174,95.9792477302205,97.00923170824751,291,15000
103,0,0,0,1029.3209158187692,36.443456367408245,952.8731657379243,1125.6653770719142,96.43045507489637,95.9792477302205,97.00923170824751,289,15000
104,0,0,0,1028.6551714110988,36.16280252488032,949.732749993215,1124.3416053675473,96.41236825106176,95.9792477302205,97.00923170824751,289,15000
105,0,0,0,1026.679943926774,40.611715744852,917.7723920064409,1124.3416053675332,96.4001891101447,95.9792477302205,97.00923170824751,289,15000
106,0,0,0,1026.6502875911706,39.15166975460826,917.7723920064409,1131.5029419505809,96.32621154090688,95.9792477302205,97.00923170824751,290,15000
107,0,0,0,1029.5902920012104,40.821708173327366,917.7723920064409,1134.3774575783243,96.25536359706008,95.98992904554818,97.00923170824751,290,15000
108,0,0,0,1028.8872639812905,40.765786979077994,917.7723920064267,1140.006424356229,96.14216108440782,95.98992904554818,97.00923170824751,290,15000
109,0,0,0,1032.7768959592304,43.45353161574435,917.7723920064125,1170.9096315929344,96.17158210625367,95.9792477302205,97.00923170824751,289,15000
110,0,0,0,1041.209634433231,43.906555748353234,945.4299683618501,1200.3183233684495,96.16227969787137,95.9792477302205,97.00923170824751,287,15000
111,0,0,0,1042.3580861959554,51.733965239644256,945.4299683618785,1200.3183233684517,96.17495872434576,95.9792477302205,97.00923170824751,287,15000
112,0,0,0,1034.4864165268857,52.64849644815866,945.4299683618785,1200.3183233684483,96.10732778922204,94.98893720912488,97.00923170824751,288,15000
113,0,0,0,1041.1641837106501,62.07714253369133,945.4299683618643,1246.0417376584587,96.05047338572264,94.98893720912488,97.00923170824751,286,15000
114,0,0,0,1060.5150925879075,92.35576291584192,945.4299683618501,1455.805163444154,96.08098868289211,94.98893720912488,97.00923170824751,281,15000
115,0,0,0,1062.5601870171893,93.11971883193156,945.8751219507207,1455.8051634441824,95.94431433585108,93.98947127489129,97.00923170824751,280,15000
116,0,0,0,1060.0623531915444,95.34399201931164,913.0003616865565,1455.8051634441824,95.73176877495487,93.98947127489129,96.99855039291981,280,15000
117,0,0,0,1077.81971074946,95.95511952373687,913.0003616865849,1455.80516344414,95.8395100836703,93.98947127489129,97.00923170824751,277,15000
118,0,0,0,1067.9100599509154,89.07533278101879,913.0003616865849,1455.805163444147,95.87308583199817,93.98947127489129,97.00923170824751,279,15000
119,0,0,0,1054.8298931886811,72.68621852391786,913.0003616865849,1352.9718122111376,95.73685094478778,93.98947127489129,97.00923170824751,281,15000
120,0,0,0,1045.149447299947,76.21238353283825,913.0003616865779,1352.9718122111092,95.47961516746777,93.97878995956358,97.00923170824751,284,15000
121,0,0,0,1028.7596574307768,74.69804209461533,893.2880974302861,1352.9718122111376,95.5115912616668,93.97878995956358,97.00923170824751,290,15000
122,0,0,0,1013.611461433439,67.94998827166752,893.2880974302861,1313.413354347219,95.68152224002442,93.97878995956358,97.99954222934309,293,15000
123,0,0,0,1009.713910474156,72.09900326822124,893.2880974302577,1352.9718122111376,95.83226021718674,93.97878995956358,97.99954222934309,294,15000
124,0,0,0,1011.8646461282563,69.29846225616859,893.2880974302435,1302.1598447507472,96.02888248009968,93.97878995956358,97.99954222934309,295,15000
125,0,0,0,1026.0493028181886,78.07893561687764,893.2880974302577,1302.1598447507472,96.55325368123901,93.98947127489129,97.99954222934309,290,15000
126,0,0,0,1045.712206564868,72.95691410827679,924.3838412662626,1302.1598447507188,96.80132173647668,95.9792477302205,97.99954222934309,285,15000
127,0,0,0,1059.8910035651043,83.43721878262265,875.4986972193706,1302.1598447507188,96.66039236031638,94.98893720912488,97.99954222934309,281,15000
128,0,0,0,1087.3587935094106,92.51214933608287,875.4986972193706,1374.0102899085969,96.77337677068232,94.98893720912488,97.99954222934309,274,15000
129,0,0,0,1082.5281925665415,87.62577398064431,875.4986972193706,1374.0102899086253,96.78080567635614,94.98893720912488,97.99954222934309,275,15000
130,0,0,0,1082.09679164837,90.28588628025578,875.4986972193564,1374.0102899085969,96.72686065969837,94.98893720912488,97.99954222934309,276,15000
131,0,0,0,1082.6283149502403,86.86531944083585,875.4986972193635,1374.0102899086253,96.94673034765138,94.98893720912488,98.00869764248111,274,15000
132,0,0,0,1081.383993875148,72.3475044351355,945.5438843154695,1268.352473310043,97.05478090587727,95.98992904554818,98.00869764248111,275,15000
133,0,0,0,1072.3457697312735,68.83416595894121,945.5438843154838,1322.904735250006,96.93199766028332,95.9792477302205,98.00869764248111,277,15000
134,0,0,0,1066.7611461745025,68.42976816968496,945.5438843154909,1322.9047352499776,97.0045438315404,95.9792477302205,98.00869764248111,279,15000
135,0,0,0,1061.0068203683272,63.47993711427982,951.6551784950025,1322.9047352499776,97.0956598255385,95.9792477302205,98.00869764248111,281,15000
136,0,0,0,1053.4986517445097,66.29735729298471,941.9161713215658,1322.9047352499633,96.88973596805776,95.9792477302205,98.00869764248111,283,15000
137,0,0,0,1041.7232241931283,58.5534156364718,941.9161713216226,1266.0501087809205,96.75916258487828,95.9792477302205,98.00869764248111,286,15000
138,0,0,0,1028.2331550920142,47.6788289153289,937.8098938677795,1216.621679230406,96.72840517789476,95.9792477302205,98.00869764248111,290,15000
139,0,0,0,1008.8767795528482,87.27878564034455,749.530364660643,1325.6810890348447,96.79199827064417,95.9792477302205,97.99954222934309,295,15000
140,0,0,0,1025.5050124194897,100.94435568651825,749.5303646606999,1325.6810890348447,96.85111497672997,95.9792477302205,97.99954222934309,291,15000
141,0,0,0,1039.1080179138614,104.2866993568031,749.5303646606715,1325.6810890348447,96.92237786424556,95.9792477302205,97.99954222934309,288,15000
142,0,0,0,1046.991060618002,105.1562999306925,749.5303646606573,1325.6810890348447,96.83791490552122,95.9792477302205,97.99954222934309,285,15000
143,0,0,0,1054.3228800267023,102.64311031522556,749.5303646606679,1325.6810890348518,96.86461931283537,95.9792477302205,97.99954222934309,283,15000
144,0,0,0,1080.711985746237,49.7230139979795,982.9031646054887,1248.239937789407,96.74192385748073,95.9792477302205,97.99954222934309,277,15000
145,0,0,0,1068.4896230625964,38.68680772344722,982.9031646054318,1168.0981666237003,96.54798535133898,95.9792477302205,96.99855039291981,279,15000
146,0,0,0,1068.2944272353843,39.48490575432639,982.9031646054318,1165.9358420280341,96.43635156786449,95.9792477302205,96.99855039291981,279,15000
147,0,0,0,1070.6194292837868,39.78197914101405,982.903164605446,1165.93584202802,96.49343750158947,95.9792477302205,96.99855039291981,279,15000
148,0,0,0,1073.8397830355796,40.614642548920756,976.0268283298673,1169.7271812382494,96.52872632944228,95.98992904554818,96.99855039291981,278,15000
149,0,0,0,1080.5860955195838,48.67508798815008,924.7313727631195,1260.1222567071204,96.58227461153074,95.98992904554818,97.99954222934309,276,15000
150,0,0,0,1088.38286372495,60.843625135996206,904.4384991398999,1321.92026770025,96.6361528953994,95.9792477302205,97.99954222934309,275,15000
151,0,0,0,1093.351275510857,65.14902418903165,904.4384991398999,1321.92026770025,96.63846148368555,95.9792477302205,97.99954222934309,273,15000
152,0,0,0,1100.7560807447571,66.71590337035467,904.4384991398999,1321.92026770025,96.66537931385264,95.9792477302205,97.99954222934309,271,15000
153,0,0,0,1107.7402075039417,67.84644692499953,904.4384991399141,1321.920267700264,96.60171897968006,95.9792477302205,97.99954222934309,270,15000
154,0,0,0,1104.386308293663,59.67892203528792,904.4384991399123,1321.9202677002659,96.52466539508151,95.9792477302205,96.99855039291981,269,15000
155,0,0,0,1102.2667125659189,59.51420355641139,873.4945833910501,1267.6294731559778,96.52825970855267,93.98947127489129,98.00869764248111,270,15000
156,0,0,0,1104.4302802492773,58.45033396187681,873.4945833910785,1267.629473155921,96.60578398311334,93.98947127489129,98.00869764248111,270,15000
157,1,0,1,1098.428539173898,57.453763687622065,873.4945833910785,1267.6294731559494,96.65626479489332,93.98947127489129,98.00869764248111,271,15000
158,0,0,0,1094.1035865564259,56.08817431188579,873.4945833910643,1267.629473155935,96.62342656595712,93.98947127489129,98.00869764248111,272,15000
159,0,0,0,1095.790438527994,57.374675732642615,873.4945833910821,1267.6294731559387,96.67530622313775,93.98947127489129,98.00869764248111,272,15000
160,0,0,0,1091.0540529811915,37.71056114717617,1010.0367047534178,1178.544788757307,96.67688522672361,95.9792477302205,97.98886091401542,274,15000
161,0,0,0,1085.8255131971182,35.733897118546444,1010.5498011592431,1178.544788757307,96.59190325780116,95.98992904554818,97.00923170824751,276,15000
162,0,0,0,1086.3515426504387,33.175634203090304,1010.5498011592999,1178.544788757307,96.61719457796087,95.98992904554818,97.00923170824751,275,15000
163,0,0,0,1085.565667245096,33.688688044208554,1010.5498011592715,1178.544788757307,96.63874255486888,95.98992904554818,97.00923170824751,276,15000
164,0,0,0,1082.3485093893194,32.329375383982196,1010.5498011592715,1158.2184380016463,96.67089606062916,95.98992904554818,97.00923170824751,277,15000
165,0,0,0,1078.6093654378074,40.82186091857539,951.6397194429373,1218.8847943321548,96.80247989623864,95.98992904554818,98.00869764248111,277,15000
166,0,0,0,1081.5522978675242,50.148611930417566,951.6397194429373,1264.243169930694,96.91188057272194,95.98992904554818,98.00869764248111,276,15000
167,0,0,0,1080.8933134493157,53.17717094238158,951.6397194429658,1264.2431699306655,96.93697789984994,95.98992904554818,98.00869764248111,277,15000
168,0,0,0,1083.207669591436,55.90517811531476,951.6397194429516,1264.2431699306655,96.99604089417868,95.98992904554818,98.00869764248111,275,15000
169,0,0,0,1085.377735120475,56.76238459263578,951.6397194429587,1264.2431699306655,96.97716884107726,95.9792477302205,98.00869764248111,275,15000
170,0,0,0,1087.4525285646978,49.46023160005564,954.6170512255223,1206.0909081365733,96.90758658223338,95.9792477302205,97.00923170824751,274,15000
171,0,0,0,1086.7606106002452,39.587957650920444,977.6020474868617,1187.5601223164551,96.89078568703745,95.9792477302205,97.00923170824751,274,15000
172,0,0,0,1082.7802787136436,34.35989465287469,1006.600859370792,1168.8320074157587,96.80334874494542,95.9792477302205,97.00923170824751,276,15000
173,0,0,0,1077.542787337109,34.546752963229125,1006.600859370792,1168.8320074157516,96.8317235065232,95.9792477302205,97.00923170824751,278,15000
174,0,0,0,1073.3732206894813,31.717267327544366,1002.9484458553384,1153.3147596507547,96.85059555962461,95.98992904554818,97.00923170824751,278,15000
175,0,0,0,1070.5340495960959,30.94862514519042,984.9316715373959,1140.9426918436623,96.83377655705601,95.98992904554818,97.00923170824751,279,15000
176,0,0,0,1071.0969723528644,33.38516488695473,984.9316715373959,1154.1325963208635,96.82032013427938,95.98992904554818,97.00923170824751,279,15000
177,0,0,0,1076.703656763839,41.66909353796388,984.9316715373959,1220.0272359334008,96.97844398667377,95.98992904554818,97.99954222934309,277,15000
178,0,0,0,1084.7647479756452,46.382883658350174,974.6405898773958,1220.0272359334292,97.00001281757838,95.98992904554818,98.00869764248111,276,15000
179,0,0,0,1093.3005570557812,47.998216470151085,974.6405898773958,1220.0272359334292,96.97213539838764,95.98992904554818,98.00869764248111,274,15000
180,0,0,0,1099.0112836293893,48.28826123243707,974.6405898773816,1220.0272359333867,96.97891030238294,95.9792477302205,98.00869764248111,273,15000
181,0,0,0,1099.6809863959759,48.51287315188249,974.6405898773744,1220.0272359334078,97.0000082398718,95.9792477302205,98.00869764248111,272,15000
182,0,0,0,1099.606989788911,45.84415733489638,990.0742264928795,1210.0983547184683,96.94613514407058,95.9792477302205,98.00869764248111,272,15000
183,0,0,0,1099.6420526501652,42.76263893534818,990.0742264928226,1210.0983547184646,96.79934732077007,95.9792477302205,97.00923170824751,272,15000
184,0,0,0,1095.9830868337358,37.28831109966261,990.0742264928226,1207.43684310598,96.78093364868643,95.9792477302205,97.00923170824751,272,15000
185,0,0,0,1094.773208759885,37.34464414681844,990.0742264928368,1207.43684310598,96.80442603189135,95.9792477302205,97.00923170824751,273,15000
186,0,0,0,1091.3297130689234,36.368144278971265,1001.1753962546095,1220.968334333445,96.8270403092495,95.9792477302205,96.99855039291981,274,15000
187,0,0,0,1088.4724860677043,31.854450019149457,1001.1753962545811,1166.7840198043962,96.79677180132752,95.9792477302205,96.99855039291981,274,15000
188,0,0,0,1085.5837415207006,32.577046302496846,1001.1753962545811,1166.7840198043962,96.92199079372344,95.98992904554818,96.99855039291981,275,15000
189,0,0,0,1084.507598603437,32.67297215999043,1001.1753962546095,1153.2114767444455,96.96468024719614,95.98992904554818,97.99954222934309,276,15000
190,0,0,0,1082.500149592359,31.473064330939174,1001.1753962545953,1151.644497377248,96.95076381577272,95.9792477302205,97.99954222934309,276,15000
191,0,0,0,1091.793710443732,50.886879137176955,932.3725349228198,1319.7858377281477,97.0165922535032,95.9792477302205,98.00869764248111,274,15000
192,0,0,0,1106.3232249711148,61.12344868639671,932.3725349227914,1319.7858377282046,97.09597639937944,95.9792477302205,98.00869764248111,271,15000
193,1,0,1,1117.7662790994127,64.39766901941512,932.3725349227914,1319.7858377281477,97.06907983011622,95.9792477302205,98.00869764248111,267,15000
194,0,0,0,1128.0272869908167,63.029287064126436,932.3725349227914,1319.7858377281618,96.9852511380687,95.9792477302205,98.00869764248111,265,15000
195,0,0,0,1138.835299204745,62.36501063255394,932.3725349228021,1319.7858377281618,96.93864042114899,95.9792477302205,98.00869764248111,263,15000
196,0,0,0,1140.1249474335589,45.70182324429629,1027.8906660422535,1251.3797124134526,96.87281198341853,95.98992904554818,97.98886091401542,262,15000
197,0,0,0,1136.7791194073013,45.37458846929749,1037.936621870461,1248.0777478187406,96.82369634546423,95.98992904554818,96.99855039291981,263,15000
198,0,0,0,1137.2056004407546,42.85228447660889,1038.7415864850595,1248.0777478187406,96.77662287327381,95.98992904554818,96.99855039291981,263,15000
199,0,0,0,1135.8871537358561,42.151116705247546,1038.7415864850311,1248.0777478187406,96.864053203123,95.98992904554818,96.99855039291981,263,15000
200,0,0,0,1135.8355796927697,42.351524306909816,1038.7415864850311,1248.0777478187547,96.92458035146613,95.98992904554818,96.99855039291981,263,15000
201,0,0,0,1131.0915181803923,56.15873272611694,951.6305312901068,1248.0777478187476,96.92354182243584,95.98992904554818,97.99954222934309,264,15000
202,0,0,0,1135.657557374487,58.5653162799338,951.6305312901068,1285.0041015703653,97.01268767325347,95.98992904554818,98.00869764248111,263,15000
203,1,1,0,1137.478119800718,62.932549991544526,951.6305312901068,1285.0041015703653,97.09986236362248,95.98992904554818,98.00869764248111,263,15000
204,1,1,0,1145.9471523581703,64.4899909442599,951.6305312901068,1285.0041015703937,97.08641407899087,95.98992904554818,98.00869764248111,261,15000
205,0,0,0,1154.1884971454472,67.15623248779761,951.6305312901121,1285.0041015704007,97.08641407899087,95.98992904554818,98.00869764248111,258,15000
206,0,0,0,1136.738160712169,103.3941499160823,801.7195995014958,1268.861666962465,97.14992640065104,95.98992904554818,98.00869764248111,262,15000
207,0,0,0,1147.1340163268271,112.79529953211022,801.719599501439,1403.0458206247545,97.02981653569337,95.98992904554818,98.00869764248111,260,15000
208,0,0,0,1160.4477377960948,114.79811479310344,801.719599501439,1403.0458206247545,96.81488761730371,95.98992904554818,98.00869764248111,258,15000
209,0,0,0,1163.093732331288,118.86999409432605,801.7195995014532,1403.0458206247545,96.58038147554743,94.98893720912488,98.00869764248111,257,15000
210,0,0,0,1169.1190400006594,121.20922281908636,801.719599501446,1403.0458206247545,96.3489380229394,94.98893720912488,98.00869764248111,256,15000
211,0,0,0,1206.564864215224,66.0611770731142,958.9913171951139,1331.4994624795133,96.03876564685538,94.98893720912488,97.98886091401542,248,15000
212,0,0,0,1201.731535666786,63.05120684689889,958.9913171950997,1329.9645214763984,95.79537865262839,94.98893720912488,96.99855039291981,249,15000
213,0,0,0,1192.4957651678328,80.52475357500884,956.7254176486699,1339.9625806173958,95.8694335342438,94.98893720912488,96.99855039291981,251,15000
214,0,0,0,1198.339206146698,73.89398581061145,956.7254176486699,1363.3307412830789,95.77761084407823,94.98893720912488,96.99855039291981,250,15000
215,0,0,0,1195.6111185058778,80.57608199731908,956.7254176486983,1394.539208201536,95.71366425065487,94.97978179598687,96.99855039291981,250,15000
216,0,0,0,1192.1826472969858,81.46623524956789,956.7254176486841,1394.5392082015644,95.73109351237254,94.97978179598687,96.99855039291981,251,15000
217,0,0,0,1194.0554351768492,78.60520709523183,956.7254176486948,1394.5392082015644,95.71457785915925,94.97978179598687,96.99855039291981,251,15000
218,0,0,0,1197.6295518603235,61.692863593072865,990.3298271106848,1394.539208201536,95.58848004882888,94.97978179598687,96.99855039291981,250,15000
219,0,0,0,1192.5988629464894,64.0845931903376,1012.9386195823145,1394.539208201543,95.67293486940821,94.97978179598687,96.99855039291981,250,15000
220,0,0,0,1190.09654509237,54.39637655052536,1012.9386195823429,1309.8388397662147,95.70477871875082,94.97978179598687,96.99855039291981,251,15000
221,0,0,0,1192.1480118936026,57.666569868163464,1012.9386195823145,1316.7355454314702,95.72256616057578,94.98893720912488,96.00976577401389,250,15000
222,0,0,0,1198.853017674452,58.03716434924359,1012.9386195823002,1316.7355454314702,95.81174578469522,94.98893720912488,96.00976577401389,248,15000
223,0,0,0,1197.8831839479487,67.60560481714616,903.6175795633881,1316.7355454314418,95.92433010350703,94.98893720912488,96.99855039291981,249,15000
224,0,0,0,1198.9666183299544,99.27532928585104,865.3379431053168,1419.301278182843,96.17126268406194,94.98893720912488,97.99954222934309,249,15000
225,0,0,0,1204.0668862754771,101.21204280486462,865.3379431053168,1419.3012781828145,96.40789501792935,94.99961852445259,97.99954222934309,248,15000
226,0,0,0,1195.4218032135468,102.37460545164969,865.3379431053594,1419.301278182843,96.45130927494215,94.97978179598687,97.99954222934309,250,15000
227,0,0,0,1190.192324493383,102.2103139193667,865.3379431053452,1419.3012781828288,96.42700236514838,94.97978179598687,97.99954222934309,252,15000
228,0,0,0,1195.6477304687683,96.21272791258966,865.3379431053426,1419.3012781828215,96.31488609140153,94.97978179598687,97.99954222934309,250,15000
229,0,0,0,1203.4636809903943,54.70089552811565,1019.7796069063116,1323.5253352173402,96.1004907301442,94.97978179598687,97.00923170824751,248,15000
230,0,0,0,1202.348525186022,55.61013866815686,1019.7796069063045,1323.5253352173117,95.83126593931998,94.97978179598687,96.99855039291981,249,15000
231,0,0,0,1208.6497690423464,45.8666070068329,1046.4625197285072,1323.5253352173258,95.63026454057628,94.97978179598687,96.00976577401389,248,15000
232,0,0,0,1211.6910243842092,41.76462312637231,1095.6658414001017,1307.5557164098086,95.55883644871697,94.97978179598687,96.00976577401389,246,15000
233,0,0,0,1213.7986166309126,34.10813850029506,1127.5790324229006,1296.4914975185593,95.58418972050559,94.97978179598687,96.00976577401389,246,15000
234,0,0,0,1216.0323549794907,42.3926639961603,1077.3548372650907,1353.8845404982976,95.52476162864627,94.97978179598687,96.99855039291981,246,15000
235,0,0,0,1221.8043465200556,45.69880839230599,1077.3548372650907,1373.8841359207754,95.53002629638108,94.97978179598687,96.99855039291981,245,15000
236,0,0,0,1221.191680047577,49.747562364577455,1077.3548372650907,1373.8841359207754,95.5613000686656,94.97978179598687,96.99855039291981,245,15000
237,0,0,0,1217.1050466625948,53.13011713854535,1077.3548372650766,1373.8841359207613,95.53652592762137,94.97978179598687,96.99855039291981,246,15000
238,0,0,0,1212.5330223285032,54.09507161702057,1077.3548372650837,1373.8841359207754,95.49511507845682,94.97978179598687,96.99855039291981,246,15000
239,0,0,0,1209.3449284466603,47.801910998571174,1100.4589880367207,1367.6652072398608,95.44183474479287,94.97978179598687,96.00976577401389,247,15000
240,0,0,0,1203.5530681278435,40.22711376484121,1117.1116636432466,1303.031197958454,95.49795691869485,94.97978179598687,96.00976577401389,248,15000
241,0,0,0,1206.679420532302,34.7506219177563,1131.9148083692312,1279.711952738353,95.53780880445565,94.97978179598687,96.00976577401389,247,15000
242,0,0,0,1205.8321699134206,34.00673039804655,1131.9148083692312,1274.737682919315,95.53285826911831,94.97978179598687,96.00976577401389,247,15000
243,0,0,0,1201.8110549242497,33.02265855636311,1115.1139964558752,1274.6201189088324,95.47645309122352,94.97978179598687,96.00976577401389,249,15000
244,0,0,0,1202.725307003967,35.03959009899496,1115.1139964558752,1274.5209245480962,95.593708705272,94.97978179598687,96.00976577401389,249,15000
245,0,0,0,1198.4933141446863,32.35695409348591,1115.1139964558467,1268.662134172885,95.50457200986752,94.97978179598687,96.00976577401389,250,15000
246,0,0,0,1196.7740669916939,33.185393222338725,1115.1139964558467,1270.4680182275183,95.53245309122354,94.97978179598687,96.00976577401389,250,15000
247,0,0,0,1194.9094012826142,33.43911558175659,1116.2859927659952,1276.7961227867204,95.65787553724475,94.97978179598687,96.00976577401389,251,15000
248,0,0,0,1196.5577706540603,36.05180576505402,1094.2037514656135,1276.7961227867772,95.75105485618374,94.97978179598687,96.00976577401389,250,15000
249,0,0,0,1192.1019063542958,33.83153133138214,1094.2037514656135,1276.7961227867488,95.7555131354747,94.97978179598687,96.00976577401389,251,15000
250,0,0,0,1189.9546415079403,48.52359586117725,985.0250674315362,1342.6212721762454,95.81030899519341,93.98947127489129,96.00976577401389,251,15000
251,0,0,0,1189.5473678123562,50.78953972565846,985.0250674315362,1342.6212721762454,95.89147030848656,93.98947127489129,96.99855039291981,252,15000
252,0,0,0,1191.6664740209471,51.75539455885844,985.0250674315362,1342.6212721762454,95.84854962996873,93.98947127489129,96.99855039291981,251,15000
253,0,0,0,1191.088927790043,51.92854740336945,985.025067431522,1342.6212721762738,95.82895419750261,93.98947127489129,96.99855039291981,252,15000
254,0,0,0,1190.4682421029788,53.11531341129535,985.0250674315291,1342.6212721762738,95.80561837186238,93.98947127489129,96.99855039291981,251,15000
255,0,0,0,1194.0003191658166,38.53946457797658,1098.7811452677506,1285.5547952211168,95.86223921059994,94.98893720912488,96.99855039291981,251,15000
256,0,0,0,1186.2755966674295,38.42954974336241,1098.5444569292895,1285.5547952211168,95.77530754558633,94.98893720912488,96.00976577401389,252,15000
257,0,0,0,1187.5110673600925,37.586439533039716,1098.5444569293463,1280.131025088707,95.74209831896442,93.98947127489129,96.99855039291981,252,15000
258,0,0,0,1193.1311915671474,39.92915955885942,1098.544456929318,1300.589927802946,95.39991231148753,91.98901350423438,96.99855039291981,250,15000
259,0,0,0,1205.0791870812213,68.64339091489269,1014.4744650520181,1444.7168709538687,95.24794140535592,90.98954757000075,97.00923170824751,249,15000
260,0,0,0,1212.839912797847,78.84624052696411,1014.4744650520181,1444.7168709538971,94.7286765850309,90.98954757000075,97.00923170824751,246,15000
261,1,1,0,1201.8966562069095,93.53059326341052,913.0981702419945,1444.7168709538971,94.27837399862668,90.98954757000075,97.00923170824751,249,15000
262,0,0,0,1201.4009338617734,99.21244058828316,913.098170241966,1444.7168709538828,94.06443223722692,90.98954757000075,97.00923170824751,248,15000
263,0,0,0,1195.3889915850893,101.798215622914,913.0981702420229,1444.7168709538828,94.46247918415095,90.98954757000075,97.00923170824751,250,15000
264,0,0,0,1185.8588958226128,93.5552861281912,913.0981702420087,1410.327733067902,94.76125307087814,91.98901350423438,96.99855039291981,251,15000
265,0,0,0,1182.8591546292923,85.78755505875613,956.0400839623142,1410.3277330679161,95.40220299585462,92.98847943846799,96.99855039291981,253,15000
266,0,0,0,1201.680830793058,74.11871257568062,976.3327342061245,1352.5878454564122,95.96069174232599,92.98847943846799,96.99855039291981,248,15000
267,0,0,0,1190.7947285248026,73.48514629416017,976.3327342061245,1352.5878454564122,96.2655831743852,93.98947127489129,96.99855039291981,251,15000
268,0,0,0,1187.148052994211,69.55362033437146,1026.22523744229,1352.5878454564122,96.2043789323771,94.97978179598687,96.99855039291981,251,15000
269,0,0,0,1183.71231663952,58.836159893011825,1027.5120507644147,1352.5878454564263,95.99701035070318,94.97978179598687,96.99855039291981,252,15000
270,0,0,0,1185.3999684795624,71.47199677985482,1009.083349154281,1420.0995661257707,95.74025553775337,92.97932402532997,96.99855039291981,251,15000
271,0,0,0,1174.1431469404722,79.60806417890838,948.9627440529489,1420.0995661257423,95.63182299534601,92.97932402532997,97.99954222934309,255,15000
272,1,0,1,1186.983748975055,77.06325440622822,948.9627440529489,1420.0995661257423,95.81118954248366,92.97932402532997,97.99954222934309,252,15000
273,0,0,0,1191.627528705363,78.87703143552946,948.9627440529205,1420.0995661257139,95.94435370412758,92.97932402532997,97.99954222934309,251,15000
274,0,0,0,1206.9257434897704,87.21967930722148,948.9627440529063,1422.7868867279483,95.82117575850053,92.97932402532997,97.99954222934309,248,15000
275,0,0,0,1201.3393448147256,81.67367364931363,948.9627440529205,1422.7868867279199,95.90449622339207,92.98847943846799,97.99954222934309,249,15000
276,1,0,1,1206.3850696342624,73.04225055529889,1017.3546216641682,1422.7868867279199,95.85109290201164,92.98847943846799,97.98886091401542,247,15000
277,0,0,0,1192.1052614611992,82.24096548594203,1005.315216208885,1422.7868867279058,95.55456605884895,92.98847943846799,96.99855039291981,250,15000
278,0,0,0,1193.2975840243273,84.62433659294469,1005.315216208885,1422.7868867279128,95.67539889626408,92.98847943846799,96.99855039291981,250,15000
279,0,0,0,1178.1875325686174,74.28422407666498,1005.315216208885,1358.9861787519199,96.09625787747005,93.98947127489129,96.99855039291981,253,15000
280,0,0,0,1176.5399876097672,68.77833787396605,1005.315216208885,1358.7414641761484,96.24278782330053,94.98893720912488,96.99855039291981,254,15000
281,0,0,0,1184.0209246289162,66.40328962900739,1005.3152162088636,1358.74146417612,96.46601459779761,94.98893720912488,97.00923170824751,252,15000
282,0,0,0,1195.4150267916125,55.00360030966007,1081.918492133795,1338.942544957355,96.6255222400244,95.9792477302205,97.00923170824751,250,15000
283,0,0,0,1196.9728563144645,50.251607553643545,1083.237242618466,1320.8138970240952,96.45758032603445,95.9792477302205,97.00923170824751,250,15000
284,0,0,0,1204.3433324760356,53.16579869473173,1086.802661639652,1366.4584730937008,96.3130193026627,95.9792477302205,97.00923170824751,248,15000
285,0,0,0,1206.6533651627046,51.554442717704546,1086.8026616396378,1366.4584730936724,96.3029669642176,95.9792477302205,97.00923170824751,247,15000
286,0,0,0,1201.9256757880219,48.13179747687657,1096.883078893987,1366.4584730936724,96.17878182141858,94.98893720912488,97.00923170824751,249,15000
287,0,0,0,1197.5857923703966,48.85374393213306,1096.8830788939829,1366.458473093658,96.17877978688233,94.98893720912488,97.00923170824751,250,15000
288,0,0,0,1192.3096095029794,52.868358706892444,1086.020611925477,1366.4584730936795,96.19560743623,94.98893720912488,97.00923170824751,250,15000
289,0,0,0,1189.275317718068,43.470992526939376,1086.020611925477,1305.364769573515,96.18215833778387,94.98893720912488,97.00923170824751,252,15000
290,0,0,0,1185.701469793486,41.870421086906546,1086.0206119255195,1305.3647695734583,96.1687046616312,94.98893720912488,97.00923170824751,252,15000
291,0,0,0,1187.7006298091194,42.66836093342266,1086.0206119255124,1305.3647695734583,96.22532570382239,95.9792477302205,97.00923170824751,251,15000
292,0,0,0,1189.2630140179006,40.54410161966487,1104.3943000743539,1305.3647695734726,96.18163454642557,95.9792477302205,97.00923170824751,250,15000
293,0,0,0,1192.7568432968787,37.99032301663363,1098.261053767203,1313.8673497592777,96.13458609903105,95.98992904554818,97.00923170824751,250,15000
294,0,0,0,1182.4707111072562,52.427583040514065,975.9500049285066,1313.8673497592777,96.11685898120598,95.98992904554818,97.00923170824751,252,15000
295,0,0,0,1140.8861681079707,106.30979648103494,775.7968513059836,1313.8673497592777,94.7324158592101,0.0,98.01937895780881,261,15000
296,0,0,0,1141.4930199534474,125.92238582732207,685.5793862745827,1354.5917205470346,95.06568429083697,0.0,98.01937895780881,261,15000
297,0,0,0,1139.0836749185278,122.07405335060099,767.2135415940318,1354.5917205470346,95.32758047862465,0.0,98.01937895780881,262,15000
298,0,0,0,1133.8801438404985,120.70396570624571,767.2135415940318,1354.591720547063,95.52926751608554,0.0,98.01937895780881,264,15000
299,0,0,0,1140.3351506051472,124.73569268190383,767.2135415940247,1354.5917205470487,95.70831423412424,0.0,98.01937895780881,263,15000
300,0,0,0,1165.7496236090485,82.26705262967997,920.583659494639,1354.5917205470416,97.23395447725132,96.98939497978179,98.00869764248111,257,15000
301,0,0,0,1147.6428786495794,72.35923514718827,920.5836594946497,1311.7642986813607,97.10504442918541,96.98939497978179,98.00869764248111,260,15000
302,0,0,0,1139.954411770895,65.27241293384047,923.4460025398689,1299.6138021211436,97.04423814246837,95.98992904554818,98.00869764248111,263,15000
303,0,0,0,1122.780756627724,63.98772724280277,951.8678806621758,1299.6138021211577,96.98369553164973,95.9792477302205,98.00869764248111,266,15000
304,0,0,0,1108.9682625321461,53.74631674805549,961.7069137804606,1272.368293477598,96.89294890770833,95.9792477302205,97.99954222934309,269,15000
305,0,0,0,1100.0666094993571,48.55839777879384,961.7069137804606,1266.9247068734107,96.7195343963785,95.9792477302205,97.99954222934309,271,15000
306,0,0,0,1094.4642712851391,47.39822374377248,961.7069137804606,1266.9247068734037,96.54881859566134,95.9792477302205,97.99954222934309,273,15000
307,0,0,0,1090.1353118561503,40.213744777878155,973.6993177910556,1185.7196916906787,96.34954238193332,95.9792477302205,97.00923170824751,273,15000
308,0,0,0,1097.819887820964,38.9466709099381,1004.8614751596858,1205.4080837344259,96.28387080694795,95.9792477302205,97.00923170824751,272,15000
309,0,0,0,1105.427153930692,42.73943470755087,1004.8614751596858,1205.4080837343975,96.21330668090843,95.9792477302205,97.00923170824751,270,15000
310,0,0,0,1115.701750359231,45.787275960479455,1004.8614751596574,1228.5910677526317,96.22872053101395,95.9792477302205,97.00923170824751,267,15000
311,0,0,0,1122.791871089928,45.57201545895818,1004.8614751596716,1228.7306807934897,96.23370534828716,95.9792477302205,97.00923170824751,265,15000
312,0,0,0,1125.447705771774,43.91970976604515,989.9603817199816,1228.7306807934897,96.36296828666616,95.9792477302205,97.00923170824751,265,15000
313,0,0,0,1127.7881430139093,44.37288755452206,1018.5874970238729,1234.6520408577248,96.4151996134381,95.9792477302205,97.00923170824751,264,15000
314,0,0,0,1123.4263676546814,51.432572841063774,996.7429572674798,1284.4527518908171,96.45526807558302,95.9792477302205,97.99954222934309,265,15000
315,0,0,0,1121.5744350313666,51.44979013853155,996.7429572674855,1284.4527518908208,96.61326873680729,95.9792477302205,97.99954222934309,266,15000
316,0,0,0,1120.501996698165,50.13190752802765,996.7429572674839,1284.4527518908208,96.7494610004832,95.9792477302205,97.99954222934309,267,15000
317,0,0,0,1119.7376314116668,51.98361718410285,996.7429572674835,1284.4527518908164,96.77636682688639,95.98992904554818,97.99954222934309,266,15000
318,0,0,0,1121.1424865048564,49.55739698096147,996.7429572674836,1284.45275189082,96.77631453930469,95.98992904554818,97.99954222934309,266,15000
319,0,0,0,1124.8242228725126,40.66210190953888,1024.0485648889007,1229.5988216504554,96.87732712799773,95.9792477302205,97.00923170824751,265,15000
320,0,0,0,1123.655204415891,42.047623298525565,1024.0485648888935,1229.5988216504554,96.87274118155692,95.9792477302205,97.00923170824751,266,15000
321,0,0,0,1127.4133275563902,37.68396417980246,1051.979268826841,1229.598821650413,96.80216708628976,95.9792477302205,97.00923170824751,264,15000
322,0,0,0,1130.8842004249907,39.569384912476835,1043.3442449218546,1229.598821650413,96.81680720225832,95.9792477302205,97.00923170824751,265,15000
323,0,0,0,1129.1970111835656,37.34793847648174,1043.3442449218546,1223.1096960120453,96.8773848071005,95.9792477302205,97.00923170824751,265,15000
324,0,0,0,1128.5231515559935,37.935540083868744,1041.6375935993756,1247.5999594131508,96.83713995066248,95.9792477302205,97.00923170824751,265,15000
325,0,0,0,1129.871087949409,46.03530148872191,932.9619659664559,1271.985105512556,96.88464718598202,95.98992904554818,98.00869764248111,264,15000
326,0,0,0,1126.4682033421077,48.02955396227746,932.9619659664274,1271.985105512556,96.98493975229519,95.98992904554818,98.00869764248111,265,15000
327,0,0,0,1123.7810049717234,48.13770736967284,932.961965966399,1271.985105512556,97.00056753388773,95.98992904554818,98.00869764248111,265,15000
328,0,0,0,1120.0625525982302,52.100748539358214,932.9619659664132,1271.9851055125418,97.00643401744614,95.98992904554818,98.00869764248111,266,15000
329,0,0,0,1112.7074589571632,47.10291696888425,1000.0313390922656,1271.985105512549,97.02410660969964,95.9792477302205,98.00869764248111,268,15000
330,0,0,0,1110.2971643245942,34.70843701804516,1017.5904396718636,1203.6904661246695,96.96437496503138,95.9792477302205,98.00869764248111,268,15000
331,0,0,0,1107.110918826471,39.043600775352154,1017.5904396718778,1213.2620839236026,96.93465649398539,95.9792477302205,96.99855039291981,269,15000
332,0,0,0,1109.0339476210313,41.58545910664053,1017.590439671885,1225.727735634024,96.93465649398539,95.9792477302205,96.99855039291981,268,15000
333,0,0,0,1112.6226311152798,42.044207141530094,1024.1205797042596,1225.727735634024,96.94224755219854,95.9792477302205,96.99855039291981,268,15000
334,0,0,0,1114.717293534732,42.199591666912845,1024.1205797042596,1225.727735634024,96.96492968134075,95.9792477302205,97.00923170824751,267,15000
335,0,0,0,1117.6213354449237,44.067655736750524,1024.1205797042453,1225.727735634024,96.98174003713027,95.9792477302205,97.00923170824751,268,15000
336,0,0,0,1116.8129712599537,41.045435949570354,1024.9407689637592,1211.159063572211,96.94425635156784,95.9792477302205,97.00923170824751,268,15000
337,0,0,0,1111.7869803459091,37.689254444594496,1028.4401644522063,1211.159063572211,96.90775778845907,95.9792477302205,97.00923170824751,270,15000
338,0,0,0,1110.196685782708,39.09407531987514,1028.4401644522063,1211.159063572211,96.90775778845907,95.9792477302205,97.00923170824751,269,15000
339,0,0,0,1109.195518027228,39.89990002084744,1017.7598304549633,1207.1715671215486,96.8976711680781,95.98992904554818,97.00923170824751,270,15000
340,0,0,0,1103.51707878315,37.16402561770829,997.228091449327,1207.1715671215486,96.8976711680781,95.98992904554818,97.00923170824751,271,15000
341,0,0,0,1109.4533017048777,42.892637274749156,1009.4652969176822,1254.0590430905922,97.00779451183844,95.98992904554818,98.00869764248111,269,15000
342,0,0,0,1116.6985975597543,44.05081362865684,1009.4652969176822,1254.0590430905638,97.0442930749472,95.98992904554818,98.00869764248111,267,15000
343,0,0,0,1119.6412237283407,44.48876828427489,1009.4652969176791,1254.0590430905638,97.05750047048649,95.98992904554818,98.00869764248111,267,15000
344,0,0,0,1120.6786823983566,44.36843658942191,1009.4652969176828,1254.0590430905638,97.084397446657,96.98939497978179,98.00869764248111,266,15000
345,0,0,0,1123.0736303178728,41.74366460711072,1032.8256912036693,1217.9269208183428,97.084397446657,96.98939497978179,98.00869764248111,266,15000
346,0,0,0,1117.4010324359483,40.27748160260421,1032.8256912036693,1217.9269208183428,97.01175778845908,96.98939497978179,97.99954222934309,267,15000
347,0,0,0,1110.886433593245,39.49944890489272,1027.822403776554,1214.1119221885788,97.01175778845908,96.98939497978179,97.99954222934309,269,15000
348,0,0,0,1105.472830800841,36.40242703060486,1016.742903618308,1186.4700546987876,96.9985503929198,96.99855039291981,96.99855039291981,270,15000
349,0,0,0,1105.1138588765475,35.38615628964983,1016.7429036182796,1186.4700546988445,96.9985503929198,96.99855039291981,96.99855039291981,270,15000
350,0,0,0,1103.2244396500992,36.472682380513795,1016.7429036182796,1186.4700546988374,96.9985503929198,96.99855039291981,96.99855039291981,271,15000
351,0,0,0,1100.4653149832352,36.13867493940737,1016.7429036182796,1183.6049024232125,96.9985503929198,96.99855039291981,96.99855039291981,272,15000
352,0,0,0,1099.7805405448466,36.165791181614104,1016.7429036182725,1183.6049024231984,96.9985503929198,96.99855039291981,96.99855039291981,272,15000
353,0,0,0,1097.7815021407287,35.42186685348416,1023.4569473138606,1181.5375728433678,96.9985503929198,96.99855039291981,96.99855039291981,272,15000
354,0,0,0,1097.527015361321,35.77882276300763,1023.4569473138606,1174.8921243899915,96.9985503929198,96.99855039291981,96.99855039291981,273,15000
355,0,0,0,1098.435604396049,35.15927917332274,1026.9058256812116,1204.3154588436664,97.01505536481775,96.98939497978179,97.99954222934309,272,15000
356,0,0,0,1103.9748830891638,37.86685213448848,1022.5080694957569,1210.4287923353354,97.01505536481775,96.98939497978179,97.99954222934309,270,15000
357,0,0,0,1105.862387026634,39.504088351371365,1022.5080694957853,1210.4287923353638,96.9982375829709,95.9792477302205,97.99954222934309,269,15000
358,0,0,0,1110.5723380263792,40.43709599443764,1022.5080694957853,1210.4287923353354,96.9982375829709,95.9792477302205,97.99954222934309,269,15000
359,0,0,0,1125.458378521687,53.7621105225268,1022.5080694957711,1323.2213616440163,97.04722321405862,95.9792477302205,97.99954222934309,266,15000
360,0,0,0,1125.8510186544424,56.012755521758194,1013.0971836551339,1323.2213616440163,97.05437593143611,95.9792477302205,97.99954222934309,265,15000
361,0,0,0,1126.3059864046322,59.99889726297907,1006.7522285309565,1323.2213616440163,97.08409012995598,95.9792477302205,98.00869764248111,265,15000
362,0,0,0,1119.4600810749703,63.08839528961809,1006.7522285309849,1323.2213616440022,97.11730291701633,96.9787136644541,98.00869764248111,267,15000
363,0,0,0,1116.0695014884748,65.42204144796496,989.2224274531713,1323.221361643995,97.11708684926627,96.9787136644541,98.00869764248111,267,15000
364,0,0,0,1102.3445726323264,55.36554134197212,989.2224274531713,1274.6590212529582,97.09776760509651,96.9787136644541,98.00869764248111,270,15000
365,0,0,0,1105.925727025251,56.98796770704655,989.2224274531713,1250.2788671812634,97.0606542051321,95.9792477302205,98.00869764248111,270,15000
366,0,0,0,1107.947872789681,60.302266608577554,966.5980647237973,1277.7386910203177,97.1324320337733,95.9792477302205,98.00869764248111,269,15000
367,0,0,0,1125.3921887503893,66.03518458754617,966.5980647237973,1300.7345102074623,97.146611632461,95.9792477302205,98.00869764248111,265,15000
368,0,0,0,1133.9646970192914,72.44225867226876,966.5980647237831,1320.788833088045,97.19304931207242,95.9792477302205,98.00869764248111,262,15000
369,0,0,0,1138.8142863445285,71.6414139150037,966.9849592504391,1320.7888330879882,97.18880109864958,95.9792477302205,98.00869764248111,261,15000
370,0,0,0,1144.847215721806,76.20456775178005,966.9849592504498,1320.7888330880166,97.31446636657256,96.98939497978179,98.00869764248111,260,15000
371,0,0,0,1144.070547403246,72.71659606177997,994.5900507839838,1320.788833088031,97.34500200910453,96.98939497978179,98.00869764248111,261,15000
372,0,0,0,1140.5155767066246,75.48067401072714,960.7030491354749,1306.8401043892948,97.37165219602755,96.9787136644541,98.00869764248111,261,15000
373,0,0,0,1138.9614274328,85.95467757579732,900.4241273403295,1368.5241344685437,97.34194359248238,96.9787136644541,98.00869764248111,262,15000
374,0,0,0,1143.0229000966497,87.54761822324161,900.4241273403295,1368.5241344685437,97.44858462399226,96.9787136644541,98.00869764248111,261,15000
375,0,0,0,1134.3922448863423,84.9281145631697,900.4241273403295,1368.5241344685865,97.45192950331882,96.9787136644541,98.00869764248111,263,15000
376,0,0,0,1146.8655164806125,94.89069184812728,900.4241273403437,1409.0129848528932,97.48038279799599,96.9787136644541,98.00869764248111,259,15000
377,0,0,0,1149.6168169472298,94.65963819048294,900.4241273403509,1409.0129848528932,97.62122011139085,96.9787136644541,98.00869764248111,259,15000
378,0,0,0,1148.664463126508,81.9960279865619,973.7360434422442,1409.0129848528932,97.72492693471682,96.9787136644541,98.00869764248111,260,15000
379,0,0,0,1143.7818141943071,85.1941488935645,951.7292417886551,1409.0129848529073,97.66881768012004,96.9787136644541,98.00869764248111,261,15000
380,0,0,0,1155.3963870549205,86.14044717170604,951.7292417886267,1409.0129848528968,97.58298181633226,96.9787136644541,98.00869764248111,258,15000
381,0,0,0,1146.021734814864,74.04926204755294,951.7292417886267,1370.4793680221883,97.48700897739121,96.9787136644541,98.00869764248111,261,15000
382,0,0,0,1141.7431712774166,76.93603286461277,874.6589306675787,1370.4793680221883,97.46060049337503,96.9787136644541,98.00869764248111,262,15000
383,0,0,0,1127.7014323686803,125.23274420990492,755.6758618207482,1576.7833128728626,97.52523791358307,96.9787136644541,98.00869764248111,265,15000
384,0,0,0,1130.1869013280862,119.85445175058985,755.6758618207482,1576.7833128728626,97.58791994099843,96.98939497978179,98.00869764248111,265,15000
385,0,0,0,1117.2700956471879,121.65146846014086,755.675861820734,1576.7833128728626,97.66551990030771,96.98939497978179,98.00869764248111,267,15000
386,0,0,0,1090.3628167158474,152.21979223157578,755.675861820734,1576.7833128728485,97.73132595813942,96.98939497978179,97.99954222934309,274,15000
387,0,0,0,1095.0339775268017,154.68864543904414,755.6758618207305,1576.783312872859,97.59115444673331,96.98939497978179,97.99954222934309,273,15000
388,0,0,0,1099.0440962571417,120.0772468757641,762.7013509314224,1388.5807446958154,97.34093425904733,95.98992904554818,97.99954222934309,271,15000
389,0,0,0,1096.8235934257557,121.35727218985168,762.7013509313798,1388.580744695858,97.11297789984994,95.98992904554818,97.99954222934309,272,15000
390,0,0,0,1085.9825740208553,128.26399756984426,762.7013509313958,1388.5807446958652,96.9451295745276,95.98992904554818,97.99954222934309,274,15000
391,0,0,0,1115.5047442109671,95.697327748807,826.282313217348,1339.5998520983028,96.84092428981968,95.98992904554818,97.99954222934309,266,15000
392,0,0,0,1100.2210970259148,98.25574227038338,826.282313217348,1339.5998520983028,96.6614698507159,95.98992904554818,97.99954222934309,271,15000
393,0,0,0,1118.3938573866483,105.18337572071795,826.2823132173622,1339.5998520982744,96.66443742529437,95.98992904554818,97.99954222934309,267,15000
394,0,0,0,1114.6506721508142,115.28664165978124,826.282313217348,1346.9158357702327,96.65628249535871,95.98992904554818,97.99954222934309,267,15000
395,0,0,0,1133.0463024568692,99.625725331654,860.6443957929173,1346.9158357702042,96.53450268304469,94.98893720912488,97.99954222934309,263,15000
396,0,0,0,1123.5287128853813,98.18894859649308,860.6443957929173,1346.9158357702042,96.30119356069277,94.98893720912488,97.99954222934309,265,15000
397,0,0,0,1138.0866127163752,89.02407204492599,860.6443957929173,1346.91583577019,96.24744162152538,94.98893720912488,97.99954222934309,261,15000
398,0,0,0,1135.4071469056112,87.60471005058788,860.6443957929243,1346.91583577019,96.09061315836323,94.98893720912488,97.00923170824751,263,15000
399,0,0,0,1147.9518833592767,75.39191376627353,936.6432830488236,1403.7039219700773,96.06850832888279,94.98893720912488,96.99855039291981,260,15000
400,0,0,0,1154.2392215167215,77.9638296964304,936.6432830488138,1403.7039219700773,96.10382899722795,94.98893720912488,97.00923170824751,258,15000
401,0,0,0,1162.0163246407105,71.36250014691372,994.6142705131713,1403.7039219700773,96.15969400574757,94.98893720912488,97.00923170824751,256,15000
402,0,0,0,1162.0696619964913,66.52491086732917,990.8131620711829,1403.7039219700773,96.1823587396048,94.98893720912488,97.00923170824751,257,15000
403,0,0,0,1166.4982203588354,70.47229175603826,1007.0366324310527,1403.7039219700844,96.29816088095419,94.99961852445259,97.00923170824751,256,15000
404,0,0,0,1121.777482631015,125.27775066923266,672.6528391961324,1330.0975387131757,96.39151425446963,95.9792477302205,97.99954222934309,266,15000
405,0,0,0,1122.3351890520212,133.10720634305628,672.652839196104,1363.1658674553364,96.67975249866483,95.9792477302205,97.99954222934309,266,15000
406,0,0,0,1119.2231079014994,139.83779974503176,672.6528391961324,1363.1658674552796,96.86474636962437,95.98992904554818,98.00869764248111,267,15000
407,0,0,0,1129.3888074021136,138.86016427815807,740.046353265285,1363.1658674552796,97.12241072200605,95.98992904554818,98.00869764248111,263,15000
408,0,0,0,1126.7879655073546,143.19262686974088,672.6528391961182,1363.1658674552796,97.16529996693876,95.98992904554818,98.00869764248111,265,15000
409,0,0,0,1149.6959505830077,119.20352009331789,849.0854390161076,1425.5483274430958,97.18440395717302,95.98992904554818,98.00869764248111,259,15000
410,0,0,0,1147.8146061506072,120.53120812086134,849.0854390160791,1425.5483274430674,97.20774049490095,95.98992904554818,98.00869764248111,261,15000
411,0,0,0,1129.5173094252134,127.99736829365959,849.0854390161076,1425.5483274430958,97.23351613641564,95.98992904554818,98.00869764248111,265,15000
412,0,0,0,1135.1109275842427,131.07724756440388,849.0854390161076,1425.5483274430817,97.01330586709392,95.98992904554818,98.00869764248111,264,15000
413,0,0,0,1138.8181473185045,131.1720265843693,849.0854390161005,1425.5483274430887,96.91951486483049,95.98992904554818,98.00869764248111,263,15000
414,0,0,0,1162.2926615184274,116.72452584234047,857.9473896395484,1414.4950510866893,96.7581303629104,94.98893720912488,98.00869764248111,258,15000
415,0,0,0,1179.6294110815231,100.49680149706066,857.9473896395484,1339.9370010113785,96.34256351567863,94.98893720912488,98.00869764248111,254,15000
416,0,0,0,1212.9825247193178,48.13479924262182,1085.2100761011882,1333.1704520212213,95.97905333028153,94.97978179598687,96.99855039291981,247,15000
417,0,0,0,1213.184282659978,50.82314208234942,1085.2100761011873,1333.1704520212497,95.77681340759392,94.97978179598687,96.99855039291981,247,15000
418,0,0,0,1185.403088643312,113.28476851982565,767.7159445161124,1358.297810990179,95.76369542992295,94.97978179598687,97.99954222934309,254,15000
419,0,0,0,1147.09830536412,126.5847155863872,767.7159445161124,1353.5590515512438,95.95823239490349,94.97978179598687,97.99954222934309,260,15000
420,0,0,0,1125.9983355096585,122.22096088924361,767.7159445161408,1354.2193927662456,96.03439119045802,94.97978179598687,97.99954222934309,265,15000
421,0,0,0,1108.5287796788941,118.6402161183933,767.715944516155,1354.9329610819345,96.29475425345237,94.97978179598687,97.99954222934309,270,15000
422,0,0,0,1103.8471345749317,118.27213977578491,767.7159445161337,1404.1778142213097,96.72774995549452,94.98893720912488,98.00869764248111,271,15000
423,0,0,0,1127.381560027802,79.40295923818493,958.7487429305384,1352.924475682272,96.85147519137357,95.98992904554818,98.00869764248111,265,15000
424,0,0,0,1146.5315922777988,74.05209304227165,958.7487429305241,1352.924475682272,96.76173159380483,95.9792477302205,98.00869764248111,261,15000
425,0,0,0,1122.3380235804739,114.0682925256229,748.5007853011894,1352.9244756822864,96.96538541746139,95.9792477302205,98.00869764248111,267,15000
426,0,0,0,1131.3185903580643,116.52297851122132,748.5007853012178,1352.924475682272,97.04909163042649,95.9792477302205,98.00869764248111,265,15000
427,0,0,0,1128.0625934521772,107.74191921586389,748.5007853012462,1323.010806914283,96.79887174792094,94.98893720912488,97.99954222934309,266,15000
428,0,0,0,1123.9506711398008,106.18444792565774,748.500785301232,1323.0108069143114,96.59793575951781,94.97978179598687,97.99954222934309,267,15000
429,0,0,0,1123.2202032227635,108.32325770145742,748.5007853012391,1323.010806914283,96.48682597085526,94.97978179598687,97.99954222934309,267,15000
430,0,0,0,1153.1349219151002,68.61254991467393,982.7545199261181,1323.010806914297,96.25627008468757,94.97978179598687,97.98886091401542,260,15000
431,0,0,0,1147.5309910626238,70.84692430552204,867.0933984018632,1339.3385374774311,96.02802634724446,94.97978179598687,96.99855039291981,261,15000
432,0,0,0,1138.1627521600965,71.63935924702596,867.0933984018632,1339.3385374774596,96.01768591846597,94.97978179598687,97.00923170824751,263,15000
433,0,0,0,1134.896947569041,72.4702377693343,867.0933984018916,1339.338537477488,96.0740707509982,95.9792477302205,97.00923170824751,264,15000
434,0,0,0,1115.0197076508994,90.13346501808819,808.4478639842132,1339.338537477474,96.20098095165436,95.9792477302205,97.99954222934309,268,15000
435,0,0,0,1099.3940155977518,98.09834657463445,808.4478639842132,1355.6265449386729,96.43144904758272,95.9792477302205,97.99954222934309,271,15000
436,0,0,0,1108.8345055146845,99.95904206089008,808.4478639842132,1355.6265449386729,96.64727214465552,95.9792477302205,97.99954222934309,269,15000
437,0,0,0,1114.8978294772294,101.70166413591907,808.4478639842132,1355.6265449386729,96.66998886091402,95.9792477302205,97.99954222934309,268,15000
438,0,0,0,1116.4130140366303,110.15999794119969,808.4478639842097,1355.6265449386588,96.84424851860328,95.9792477302205,97.99954222934309,268,15000
439,0,0,0,1126.78879267528,106.78623631519625,829.287247764107,1355.6265449386729,96.99037369344626,95.9792477302205,97.99954222934309,266,15000
